# Test esame Fondamenti di Informatica 2022-07-28
# Versione 1
#############################

[.TEST]
Esempio nel testo

[.ARGS]
.FILE

[.FILE]
1 2 3 4 5 6 7 8 9 10
10 20 30 40 50 60 70 80 90 100 


[CONTRARIO]
100 90 80 70 60 50 40 30 20 10
10 9 8 7 6 5 4 3 2 1

[DISTRIBUZIONE]
10

[NRIGHE]
1

[MIN-MAX]
1
100

[ORDINAMENTO]
1 2 3 4 5 6 7 8 9 10 (55)
10 20 30 40 50 60 70 80 90 100 (550)

#############################

[.TEST]
Esempio nel testo invertito

[.ARGS]
.FILE

[.FILE]
10 20 30 40 50 60 70 80 90 100 
1 2 3 4 5 6 7 8 9 10


[CONTRARIO]
10 9 8 7 6 5 4 3 2 1
100 90 80 70 60 50 40 30 20 10

[DISTRIBUZIONE]
10

[NRIGHE]
1

[MIN-MAX]
1
100

[ORDINAMENTO]
1 2 3 4 5 6 7 8 9 10 (55)
10 20 30 40 50 60 70 80 90 100 (550)

#############################

[.TEST]
Una sola riga

[.ARGS]
.FILE

[.FILE]
1 2 3 4 5 6 7 8 9 10


[CONTRARIO]
10 9 8 7 6 5 4 3 2 1

[DISTRIBUZIONE]
1
2
3
4
5
6
7
8
9
10

[NRIGHE]
0

[MIN-MAX]
1
10

[ORDINAMENTO]
1 2 3 4 5 6 7 8 9 10 (55)

#############################

[.TEST]
10 righe con un valore uguale in tutte

[.ARGS]
.FILE

[.FILE]
1 12 13 14 15 16 17 18 19 20
1 2 3 4 5 6 7 8 9 10
1 22 23 24 25 26 27 28 29 30
1 32 33 34 35 36 37 38 39 40
1 42 43 44 45 46 47 48 49 50
1 52 53 54 55 56 57 58 59 60
1 62 63 64 65 66 67 68 69 70
1 72 73 74 75 76 77 78 79 80
1 82 83 84 85 86 87 88 89 90
1 92 93 94 95 96 97 98 99 100

[CONTRARIO]
100 99 98 97 96 95 94 93 92 1 
90 89 88 87 86 85 84 83 82 1 
80 79 78 77 76 75 74 73 72 1 
70 69 68 67 66 65 64 63 62 1 
60 59 58 57 56 55 54 53 52 1 
50 49 48 47 46 45 44 43 42 1 
40 39 38 37 36 35 34 33 32 1 
30 29 28 27 26 25 24 23 22 1 
10 9 8 7 6 5 4 3 2 1
20 19 18 17 16 15 14 13 12 1 

[DISTRIBUZIONE]
1

[NRIGHE]
9

[MIN-MAX]
1
100

[ORDINAMENTO]
1 2 3 4 5 6 7 8 9 10 (55)
1 12 13 14 15 16 17 18 19 20 (145)
1 22 23 24 25 26 27 28 29 30 (235)
1 32 33 34 35 36 37 38 39 40 (325)
1 42 43 44 45 46 47 48 49 50 (415)
1 52 53 54 55 56 57 58 59 60 (505)
1 62 63 64 65 66 67 68 69 70 (595)
1 72 73 74 75 76 77 78 79 80 (685)
1 82 83 84 85 86 87 88 89 90 (775)
1 92 93 94 95 96 97 98 99 100 (865)

#############################
